[more.jpg]
backuphash=18744
text=1;136;15;sddasdasdasdasd;Arial;0.283333,0.518519,0.033333,0.000000;v1,4294967295,4278190080,128.000000,1.000000,0.000000,1.000000,400,0,49152;;
textactive=1
